
phi3-3.8b 
prompt || accuracy || right || almost || wrong 
0 || 54.92% || 31.66% || 23.27% || 45.08% 
1 || 51.78% || 26.88% || 24.89% || 48.22% 
2 || 51.91% || 27.26% || 24.65% || 48.09% 
3 || 49.23% || 17.30% || 31.93% || 50.77% 
4 || 49.24% || 18.09% || 31.15% || 50.76% 

phi3-14b 
prompt || accuracy || right || almost || wrong 
0 || 57.76% || 43.01% || 14.75% || 42.24% 
1 || 55.45% || 35.18% || 20.26% || 44.55% 
2 || 60.54% || 42.64% || 17.89% || 39.46% 
3 || 49.34% || 29.50% || 19.84% || 50.66% 
4 || 54.54% || 33.82% || 20.72% || 45.46% 

gemma-7b 
prompt || accuracy || right || almost || wrong 
0 || 49.27% || 43.53% || 5.75% || 50.73% 
1 || 41.59% || 31.52% || 10.07% || 58.41% 
2 || 41.71% || 33.07% || 8.64% || 58.29% 
3 || 29.86% || 21.03% || 8.83% || 70.14% 
4 || 30.47% || 21.97% || 8.51% || 69.53% 

llama2-7b 
prompt || accuracy || right || almost || wrong 
0 || 54.48% || 47.71% || 6.77% || 45.52% 
1 || 45.41% || 33.64% || 11.77% || 54.59% 
2 || 50.31% || 41.18% || 9.14% || 49.69% 
3 || 48.72% || 38.33% || 10.39% || 51.28% 
4 || 49.20% || 37.94% || 11.26% || 50.80% 

llama2-13b 
prompt || accuracy || right || almost || wrong 
0 || 50.55% || 43.92% || 6.63% || 49.45% 
1 || 55.94% || 40.91% || 15.03% || 44.06% 
2 || 58.99% || 43.77% || 15.23% || 41.01% 
3 || 57.36% || 42.29% || 15.07% || 42.64% 
4 || 58.57% || 42.56% || 16.01% || 41.43% 

llama3-8b 
prompt || accuracy || right || almost || wrong 
0 || 64.79% || 59.90% || 4.89% || 35.21% 
1 || 42.24% || 29.08% || 13.16% || 57.76% 
2 || 56.60% || 45.51% || 11.09% || 43.40% 
3 || 51.36% || 39.86% || 11.50% || 48.64% 
4 || 54.92% || 41.73% || 13.20% || 45.08% 
