CLUE,ANS,POS,FOUND IN
Counterpart of yang ,yin,2,Yin (the feminine principle)
Great poet of ``Paradise Lost'' ,milton,1,John Milton
Attire ,adorn,14,Adornments
Is that so?,really,1,Really?
Porous substance to soak up ,sponge,11,Sponge-like item
