CLUE,ANS,OUTPUT
Infantile,babyish,"['Young child', 'Babyhood', 'Childish behavior', 'Juvenile stage', 'Neoteny', 'Pre-adolescent', 'Precipitating youthfulness', 'Pediatric (relating to children)', 'Immature behavior', 'Youthfully naive', 'Childlike wonder', 'Undeveloped mentality', 'Early age-related traits', 'Innocent and unsophisticated (typical of infancy)', 'Infantile reflexes', 'Primitive characteristics (in a metaphorical sense)', 'Childish pride or arrogance', 'Juvenescence (the process of growing younger, in reverse)', 'Youthful exuberance']"
Not in keeping with accepted standards ,untoward,"['Deviant', 'Nonconformist', 'Unorthodox', 'Atypical', 'Unconventional', 'Rebellious', 'Outlier', 'Inappropriate', 'Improper', 'Disruptive', 'Irregular', 'Nonstandard', 'Deviant behavior', 'Unacceptable conduct', 'Anomalous practice', 'Eccentric lifestyle', 'Exceptional deviation', 'Inappropriate action', 'Divergent from norms']"
Discuss - award,confer,"['Trophy', 'Medalist', 'Honoree', 'Laureate', 'Recipient', 'Winner', 'Awardee', 'Prize-giver', 'Celebrant', 'Decorated individual', 'Distinguished person', 'Recognized for achievement', 'Certified recipient', 'Awarded candidate', 'Honored scholar (in academic contexts)', 'Grant awardee', 'Prize-winning artist', 'Inaugural inductee (into an award hall of fame, for example)', 'Certified expert (as in a professional certification award)', 'Accolade recipient']"
Grind ,gnash,"['Milling', 'Crushing', 'Pulverizing', 'Shredding', 'Mincing', 'Pounding', 'Trundling', 'Macerating', 'Masticating', 'Cud-chewing (related to animals)', 'Grindstone effect', 'Bottom-feeding (metaprompt context)', 'Pulverizing grains', 'Crush it down', 'Reduction process', 'Blending thoroughly', 'Digestive grinding', 'Chew and crunch', 'Breakdown into smaller pieces', 'Finely ground (used to describe a texture)']"
Men whose wives have died ,widowers,"['Widower', 'Bereaved husband', 'Devastated spouse', 'Grieving man', 'Orphaned father', 'Lone husband', 'Sorrowful widowed', 'Single and alone (contextual)', 'Husband in mourning', 'Widow-maker (metapranomy - not an actual term but could be used creatively)', ""Mourner's son-in-law"", 'Fatherless son', 'Grief-stricken husband', 'Single father (if applicable to the situation)', 'Heartbroken spouse', 'Widowed partner', 'Loss-affected husband', 'Brokenhearted man', 'Alone in grief', 'Bereaved male']"
Cease work ,rest,"['Stop working', 'Suspend operations', 'Terminate tasks', 'Halt activities', 'Put an end to it', 'Discontinue labor', 'Quit the job (if applicable)', 'Break off employment (informal)', 'Cease efforts', 'End work session']"
Picture ,image,"['Immediate', 'Prompt', 'Instantaneous', 'Quickly', 'Directly', 'On the spot', 'At once', 'Without delay', 'Hastily', 'Right away', ""This concept is often used in marketing, sales strategies, and business intelligence to understand how a company's offerings are perceived in the context of their competition.""]"
Island mostly north of the Arctic circle,greenland,"['Svalbard', 'Franz Josef Land', 'Severnaya Zemlya', 'Novaya Zemlya', 'Bear Island (Bouvetøya in Norwegian)', 'Ellesmere Island', 'Devon Island', 'Axel Heiberg Island', 'Victoria Island', 'Prince Charles Mountains (associated region, not an island per se)', 'Nansen Land (part of the Arctic Archip Omega Islands group, in Antarctica but close to northern latitudes)', 'Borden-Kingsgate', 'Ellef Ringnes Island', 'Ellesmere Island (repeated for another example)', 'Meighen Island', 'Sverdrup Islands', 'Parry Islands (part of the Queen Elizabeth Islands, near northern latitudes)', 'Lancaster Sound (northern part of this region contains islands like Cornwallis and Somerset)', 'Norwegian Isles (inclusive term for some Arctic island groups north of the circle)', 'Nordaustlandet (part of Svalbard, though slightly south of the northernmost point, it is still predominantly in that region)']"
Obscured or unclear ,veiled,"['Vague', 'Ambiguous', 'Indecipherable', 'Unclear', 'Fuzzy', 'Hazy', 'Muddled', 'Enigmatic', 'Obscure', 'Cloudy (in context)', 'Confusing', 'Mysterious', 'Indeterminate', 'Unclear intention', 'Perplexing', 'Blurry vision (as a metaphor for obscurity)', 'Incomprehensible', 'Obscure meaning', 'Not easily understood', 'Concealed from sight or understanding']"
Immeasurably bad ,abysmal,"['Indescribably poor', 'Incomparably inferior', 'Unfathomably low', 'Exceptionally substandard', 'Extremely unacceptable', 'Disastrously lacking', 'Horrendously inadequate', 'Terrifically unsatisfactory', 'Profoundly disappointing', 'Unspeakably terrible']"
Medical institutions ,hospitals,"['Hospital', 'Clinic', 'Infirmary', 'Health Center', 'Dispensary', 'Nursing Home', 'Asylum (historical context)', 'Care Facility', 'Therapeutic community', 'Rehabilitation center', 'Medical ward', 'Sanatorium (specifically for tuberculosis treatment)', 'Mental institution', 'Wellness spa', 'Health club (with medical facilities)', 'Dialysis unit', 'Surgical suite', 'Medical school', 'Research institute', 'Emergency room']"
Trivial thing (half a pint?),small beer,"['Small measure', 'Sip-sized portion', 'Half-pint serving', 'Minuscule quantity', 'Substantially small', 'Pint glass halfway full', 'Tiny amount', 'Bite-sized piece', 'Dose (medical context)', 'Smidgen (slight or insignocal)', 'Miniscule portion', 'Whispering (in the sense of speaking very little)', 'Light refreshment', 'Trivial trifle', 'Paltry quantity', 'Insignificant sum', 'Petite measure', 'Negligible amount', 'Minute serving', 'Mignonette (in the sense of a small, delicate thing)']"
Lewis Carroll''s frumious monster,bandersnatch,"['Ferocious', 'Aggressive', 'Unfriendly', 'Angry', 'Grouchy', 'Irritable', 'Ill-tempered', 'Vindictive', 'Pernicious (from ""frumious"")', 'Belligerent', 'Hostile', 'Unpleasant', 'Malcontent', 'Grumbling', 'Peevish', 'Sulky', 'Irksome', 'Churlish', 'Sullen']"
Truce (anag) ,cruet,"['Armistice', 'Ceasefire', 'Peace agreement', 'Settlement', 'Negotiation breakthrough', 'Disarmament', 'Cessation of hostilities', 'Non-aggression pact', 'Mutual understanding', 'Compromise', 'Agreement on terms', 'Truce treaty', 'Diplomatic resolution', 'Conflict de-escalation', 'Peace accord', 'Armistice agreement', 'Pact of peace', 'Ceasefire declaration', 'Hostile standoff halted', 'Temporary armistice']"
Pilots,aviators,"['Aviator', 'Airman', 'Aeronaut', 'Flight deck', 'Copilot', 'Cockpit', 'Skyfarer', 'Paddock (metapoce of aviation)', 'Pilotage', 'Wingman', 'Aerospace', 'Airborne', 'Flying suit', 'Aerodynamics', 'Altitude', 'Flight plan', 'Navigational prowess', 'Avionics', 'Control column (aeronautical term)', 'Jetpack-wearer (hypothetical or futuristic context)']"
Spaces for audiences ,auditoria,"['Seating area', 'Venue capacity', 'Theatres', 'Auditorium space', 'Arena seating', 'Hall availability', 'Capacity planning', 'Occupancy limit', 'Theater layout', 'Event space design', 'Audience arrangement', 'Attendee accommodation', 'Gathering area', 'Space for spectators', 'Viewing capacity', 'Floor plan', 'Seating configuration', 'Public assembly location', 'Crowd density zone', 'Spatial arrangement']"
A wine of the best grade ,grand cru,"['First-Grade', 'Premier Cru', 'Grand Reserve', 'Superior Selection', 'Reserva', 'Noble', 'Vintage Classé', 'Estate bottled', 'Aged to perfection', 'Excellent vintage', 'Top-tier varietal', ""Collector's edition"", 'Highest quality', 'Best in class', 'Legendary vintage', 'Ultra premium', 'Superb bouquet', 'Exceptional character', 'Sumptuous palate experience']"
Cub Scouts' leader ,akela,"['Den Leader', 'Pack Chief', 'Assistant Cubmaster', 'Webelos Guide', 'Crew Advisor', 'Scribe', 'Senior Patrol Leader (SPL)', 'Order of the Arrow (OA) member', 'Scoutmaster', 'Lingo (Scouting slang for leader)', 'Cubmaster', 'Pals (informal term used by members)', 'Mentor', 'Advisory Committee Member', 'Troop Representative', 'Outdoor Leader', 'Scouting Coordinator', 'Patrol Guide', 'Pack Secretary', 'Youth Protection Officer (for adult leaders)']"
Inclined or took care of ,tended,"['Accommodating', 'Attentive', 'Careful', 'Considerate', 'Diligent', 'Helpful', 'Mindful', 'Patient', 'Protective', 'Supportive', 'Undertaking responsibility', 'Understanding', 'Nurturing', 'Engaged (in caregiving)', 'Proactive (about needs of others)', 'Assiduous (in providing care)', ""Committed (to someone's well-being)"", 'Available for assistance', 'Conscientious', 'Guiding hand']"
Lute-like instrument ,mandolin,"['Lute (the original instrument itself)', 'Mandola', 'Oud', 'Saz', 'Buhayin', 'Kanun', 'Tamburica', 'Rabelaisian (describing something with the characteristics of a lute, though not an actual instrument)', 'Lirone', 'Lira (Italian for lute)', 'Strummed sound (describing the action or result of playing a lute-like instrument)', 'Courting melody (historically, love songs were played on instruments like the lute)', ""Stringed resonance (reflects the nature of the instrument's sound production)"", ""Historical harp (the term 'lute' was sometimes used for early types of stringed instruments similar to a harp)"", 'Baroque accompaniment (as lutes were popular during the Baroque era in music history)', 'Renaissance ensemble (referring to ensembles that would include lutes during the Renaissance period)', 'Course performance (indicating an early or basic level of play, sometimes associated with instruments like the lute)', 'Lutesome (combining ""lute"" and ""-some,"" a creative way to describe something related to the instrument\'s character)']"
Room in church ,vestry,"['Pews', 'Seat', 'Choir stall', 'Altar steps', 'Nave bench', 'Stalls', 'Clerestory window seat (if referring to a specific viewpoint)', 'Sanctuary seating area', 'Chapel space', 'Confession booth spot', 'Parsonage quarters (rooms belonging to a clergyman within a church complex)', 'Sacristy storage spaces', 'Fellowship hall area', 'Blessing space (a designated room for blessings and ceremonies)', 'Worship corner (an intimate space used during personal devotions)', 'Chapel retreat room', 'Parishioner lounge (common area where parish members can gather or rest)', 'Religious education classroom (rooms designated for learning purposes)', 'Reflection chamber (a peaceful room intended for contemplation and prayer)']"
