CLUE,ANS,POS,FOUND IN
South African currency,rand,2,Rand (R) - the official currency of South Africa
Belonging to them ,their,2,Theirs
Max __; Dadaist ,ernst,3,Max Ernst (German surrealist artist)
(Of beer?) available ,on tap,3,On tap (referring to beer being poured from a tap)
Wilt ,flag,40,Flagging - suggests losing steam or vitality
Spud ,potato,2,SPUD (a type of potato)
Chrysler Building city,new york,26,New York City
