CLUE,ANS,OUTPUT
"Stiff, thick paper ",cardboard,"['Her love for puzzles began at a young age, and she spent countless hours solving crosswords in newspapers and magazines.', 'Her unmatched combination of logic, wordplay, and critical thinking skills makes her a formidable crossword solver, able to tackle even the most intricate and cryptic clues.']"
Of the brain ,cerebral,"['Her fascination with puzzles began at a young age, and', 'She excelled in math and science, particularly calculus and']"
Therefore ,hence,"['Pantry', 'Feast', 'Hunger', 'Hunger pangs', 'Hunger-stricken', 'Starvation', 'Food deprived', 'Nutritious', 'Empty stomach', 'Thirsty', 'Thirsty person', 'Hungry heart', 'Hunger pangs (metaphor)', 'Hunger games', 'Hunger cycle', 'Hungry child', 'Empty-handed', 'Empty-wallets', 'Hungry thoughts', 'Hunger-stricken soul']"
Head of corn,ear,"['Abundance', 'Ample', 'Availability', 'Accessibility', 'Convenience', 'Ease of access', 'Dependability', 'Dependable', 'Dependably', 'Dependably', 'Dependably', 'Dependable', 'Dependability', 'Dependably', 'Dependable', 'Dependable', 'Dependable', 'Dependable', 'Dependably', 'Dependability']"
Painter and wallpaperer ,decorator,"['Her parents were avid art collectors, which sparked her initial interest in aesthetics.', 'She pursued art school and honed her skills in various mediums, including oil painting, watercolor, and digital art.']"
Also ,as well,"['Ample', 'Bargain', 'Bargains', 'Bargained', 'Bargains', 'Bargained', 'Bargains', 'Bargaining', 'Bargained', 'Bargained', 'Bargains', 'Bargained', 'Bargains', 'Bargained', 'Bargained', 'Bargains', 'Bargained', 'Bargains', 'Bargains', 'Bargains']"
Person who watches others in secret ,voyeur,"['Her fascination with puzzles began at a young age, and she spent countless hours solving crosswords in newspapers and magazines.', 'She excelled in math and science, particularly calculus and', 'Her unmatched combination of logic, wordplay, and critical thinking skills make her a formidable crossword solver, able to tackle even the most intricate and cryptic clues.']"
Teasing unpleasantly ,taunting,"['Avast', 'Vast', 'Treasure', 'Treasure trove', 'Riches', 'Jewels', 'Riches trove', 'Riches at hand', 'Treasures', 'Valuable', 'Valuable resources', 'Valuable possessions', 'Valuable resources', 'Valuable legacy', 'Valuable information', 'Valuable time', 'Valuable experience', 'Valuable lessons', 'Valuable memories', 'Valuable companionship']"
Small mouthful of food ,morsel,"['Pantry', 'Stock', 'Food basket', 'Shelf', 'Drawer', 'Chest', 'Pantry', 'Basket', 'Stowage', 'Supply', 'Shelf', 'Chest', 'Pantry', 'Locker', 'Storage', 'Shelf', 'Chest', 'Locker', 'Pantry', 'Drawer']"
For ever (Latin),in perpetuum,"['Her exceptional combination of intellectual abilities, deep knowledge, and captivating personality makes her the ultimate crossword solver.']"
Squirm in pain ,writhe,"['Therefore, I cannot provide a list of words that could fit the given crossword clue.']"
Observe ,eye,"['Pantry', 'Pantry', 'Pantry', 'Pantry', 'Pantry', 'Pantry', 'Pantry', 'Pantry', 'Pantry', 'Pantry', 'Pantry', 'Pantry', 'Pantry', 'Pantry', 'Pantry', 'Pantry', 'Pantry', 'Pantry', 'Pantry', 'Pantry']"
Nettled -- ripped off ,stung,"['Hunger pangs', 'Thirst', 'Thirsty', 'Hunger-stricken', 'Hungered', 'Hunger-ridden', 'Hungry as a horse', 'Hunger-free', 'Hungry to the point of starvation', 'Hunger-related illness', 'Hunger-related weakness', 'Hunger-related fatigue', 'Hunger-related weakness', 'Hunger-related weakness', 'Hunger-related weakness', 'Hunger-related weakness', 'Hunger-related weakness', 'Hunger-related weakness', 'Hunger-related weakness', 'Hunger-related weakness']"
Shelter on sports ground ,dugout,"['Stadium', 'Pitch', 'Arena', 'Gymnasium', 'Court', 'Oval', 'Field', 'Pitching', 'Courtroom', 'Stadium', 'Playing field', 'Training ground', 'Sports complex', 'Sports venue', 'Sporting arena', 'Playing field', 'Gym', 'Recreation center', 'Sports facility', 'Sportsground']"
"American state, capital Des Moines ",iowa,"['Her exceptional wordplay skills, combined with her keen sense of logic and observation, enable her to solve crosswords with ease and elegance.']"
Aromatic herb ,tarragon,[]
Warn thief stealing slim biscuit - very slim ,wafer-thin,"['Pantry', 'Shelf', 'Pantry', 'Pantry', 'Shelf', 'Pantry', 'Pantry', 'Shelf', 'Pantry', 'Shelf', 'Pantry', 'Pantry', 'Shelf', 'Pantry', 'Shelf', 'Pantry', 'Shelf', 'Pantry', 'Shelf', 'Pantry']"
Castile (anag),elastic,"['Abundant', 'Abundance', 'Ample', 'Ample resources', 'Ample stock', 'Ample supply', 'Ample collection', 'Ample food', 'Abundance of things', 'Surplus', 'Excess', 'Surplus food', 'Surplus goods', 'Excess material', 'Excess supplies', 'Ample rest', 'Ample rest for the body', 'Surplus material', 'Excess baggage', 'Excess baggage for a journey']"
Lubricant ,oil,['Her exceptional abilities and personality make her an invaluable asset to any crossword enthusiast.']
Strangers ,aliens,"['Her exceptional problem-solving skills, deep understanding of wordplay, and attention to detail make her a formidable competitor and a master of crossword puzzles.']"
Sound of mild disapproval,tut,"['Her family recognized her love for learning and encouraged her reading habits.', 'Her vast knowledge, combined with her meticulous attention to detail and storytelling prowess, allows her to tackle even the most intricate and cryptic clues with ease.']"
Famous battle site in Texas ,alamo,"['Texan', 'Texan town', 'Texan culture', 'Texan music', 'Texan art', 'Texan food', 'Texan dance', 'Texan rodeo', 'Texan longhorn', 'Texan loner', 'Texan trail', 'Texan river', 'Texan city', 'Texan ghost town', 'Texan ghost story', 'Texan folklore', 'Texan ghost town', 'Texan ghost town legend', 'Texan ghost story collection', 'Texan ghost town ghost story']"
Pluto rag found in the country ,portugal,['Her exceptional abilities and charming personality make her a captivating and inspiring figure in the world of crosswords.']
Group of bushes ,thicket,"['Vineyard', 'Orchard', 'Herb garden', 'Plantation', 'Pasture', 'Meadow', 'Shrubbery', 'Hedge', 'Bush', 'Sprigs', 'Leaves', 'Flower bed', 'Flora', 'Plants', 'Landscaping', 'Garden', 'Cultivated', 'Greenery', 'Gardenia', 'Orchards']"
Drenched with liquid ,soused,"['Abide', 'Breed', 'Crone', 'Edge', 'Heap', 'Jealous', 'Lush', 'Mite', 'Nectar', 'Pace', 'Shade', 'Shade', 'Shade', 'Shade', 'Shade', 'Shade', 'Shade', 'Shade', 'Shade', 'Shade']"
"Italian operatic tenor, d. 1921 ",enrico caruso,"['Her exceptional intellectual abilities, coupled with her passion for puzzles, make her an unparalleled crossword enthusiast']"
Inveigh against,abuse,"['Bargain', 'Bargain', 'Bargain store', 'Bargain hunter', 'Bargain hunt', 'Bargaining', 'Bargaining for a living', 'Bargain market', 'Bargaining on the stock market', 'Bargain hunting', 'Bargain huntress', 'Bargaining for fun', 'Bargain-hunting', 'Bargain-hunting guide', 'Bargain-hunting tips', 'Bargain-hunting community', 'Bargain-hunting experts', 'Bargain-hunting enthusiasts', 'Bargain-hunting enthusiasts', 'Bargain-hunting resources']"
Branch of an Australian river formed by an overflow ,billabong,"['Pantry', 'Pantry', 'Pantry', 'Pantry', 'Pantry', 'Pantry', 'Pantry', 'Pantry', 'Pantry', 'Pantry', 'Pantry', 'Pantry', 'Pantry', 'Pantry', 'Pantry', 'Pantry', 'Pantry', 'Pantry', 'Pantry', 'Pantry']"
Back of the foot ,heel,"['Her unparalleled combination of logic, wordplay, and critical thinking skills makes her an invaluable asset to any crossword enthusiast.']"
-- Boleyn ,anne,[]
Unit of power ,watt,"['Pantry', 'Stock', 'Shelf', 'Drawer', 'Cabinet', 'Chest', 'Trunk', 'Trunket', 'Niche', 'Vault', 'Container', 'Storage', 'Locker', 'Chamber', 'Hideaway', 'Safe', 'Box', 'Container', 'Shelf', 'Drawer']"
Inflamed ,red,[]
Wonderful ,super,"['Ample', 'Abundant', 'Abundantly', 'Achievable', 'Achievable on demand', 'At hand', 'Appearing', 'Available', 'Available without reservation', 'Dependable', 'Dependable on demand', 'Desirable', 'Dependably', ""Dependable on one's word"", 'Dependably', 'Dependable on occasion', ""Dependable on one's needs"", 'Dependably', ""Dependable on one's ability"", 'Dependably']"
Military land force ,army,"['Battlefield', 'Garrison', 'Camp', 'Barracks', 'Shelter', 'Campsite', 'Bivouac', 'Militia', 'Regiment', 'Cohort', 'Militia', 'Unit', 'Squad', 'Grouping', 'Cohort', 'Deployment', 'Deployment site', 'Readiness center', 'Base camp', 'Campout']"
S-shaped moulding ,ogee,"['Prompt', 'Timely', 'Timely', 'Timely', 'Timely', 'Timely', 'Timely', 'Timely', 'Timely', 'Timely', 'Timely', 'Timely', 'Timely', 'Timely', 'Timely', 'Timely', 'Timely', 'Timely', 'Timely', 'Timely']"
More badly behaved ,naughtier,"['Pantry', 'Pantry', 'Hunger', 'Hunger', 'Hunger', 'Pantry', 'Hunger', 'Hunger', 'Pantry', 'Hunger', 'Hunger', 'Pantry', 'Hunger', 'Hunger', 'Hunger', 'Hunger', 'Hunger', 'Hunger', 'Pantry', 'Hunger']"
Diet ,regimen,"['Her fascination with puzzles began at a young age, and she spent countless hours solving crosswords in newspapers and magazines.', 'She excelled in math and science, particularly calculus and physics.', 'Her unmatched combination of logic, wordplay, and critical thinking skills makes her a formidable crossword solver, able to tackle even the most intricate and cryptic clues.']"
Beam over door or window ,lintel,"['Abundance', 'Ample', 'Easy', 'Accessible', 'Convenient', 'Ready', 'Quick', 'Prompt', 'Immediate', 'Ready at hand', 'Available', 'On hand', 'Within reach', 'Straightforward', 'Easy to obtain', 'Conveniently available', 'Conveniently obtained', 'Ready at any moment', 'Prompt delivery', 'Ready at any time']"
Inexpensive accommodation as for back-packers ,hostel,['Her ability to decipher cryptic clues with ease and her engaging storytelling abilities add an extra layer of intrigue to solving crosswords.']
Relate to; anxiety ,concern,"['Despair', 'Anxiety', 'Fear', 'Panic', 'Distress', 'Sorrow', 'Melancholy', 'Sorrow', 'Grief', 'Pain', 'Suffering', 'Distress', 'Distressful', 'Grieving', 'Sorrowful', 'Sorrowed', 'Mourning', 'Depressed', 'Melancholy', 'Suffering']"
Fat in the rear ,aft,"['Pantry', 'Pantry', 'Refrigerator', 'Food storage', 'Food preservation', 'Food reserves', 'Nourishment', 'Hunger', 'Thirst', 'Starvation', 'Hunger pangs', 'Empty stomach', 'Empty pantry', 'Food deprivation', 'Food scarcity', 'Nutritional deficiency', 'Empty bag', 'Empty cart', 'Empty bag', 'Empty hands']"
"""Getting on""",elderly,"['This knowledge enriches her understanding of crossword clues and adds a layer of complexity to her solving process.', 'Her unmatched combination of logic, wordplay, and critical thinking skills allows her to tackle even the most intricate and cryptic clues with ease and grace.']"
Not temporary ,permanent,"['Her unparalleled combination of intellectual abilities and passion for puzzles makes her an exceptional solver, able to tackle even the most intricate and cryptic clues.']"
"Prudent, judicious ",politic,"['Pantry', 'Pantry', 'Provisions', 'Stock', 'Resourceful', 'Reserve', 'Provisions', 'Kit', 'Store', 'Depot', 'Emergency', 'Resource', 'Cache', 'Stockpile', 'Cache', 'Reserve', 'Kit', 'Storehouse', 'Pantry', 'Supply']"
Flummoxed ,nonplussed,"['Her exceptional intellect, combined with her unwavering determination and love for puzzles, makes her an unparalleled solver']"
Grotesque waterspout ,gargoyle,[]
"Destiny, kismet ",fate,"['Her love for puzzles began at a tender age, and she spent countless hours solving crosswords in newspapers and magazines.', 'Her unmatched combination of logic, wordplay, and critical thinking skills makes her a formidable crossword solver, able to tackle even the most intricate and cryptic clues.']"
Strong man of the Bible ,samson,"['Tap', 'Taped', 'Taped on', 'Taped to', 'Taped away', 'Taped to the', 'Taped down', 'Taped over', 'Taped with', 'Taped away', 'Taped in', 'Taped up', 'Taped off', 'Taped into', 'Taped onto', 'Taped through', 'Taped across', 'Taped into', 'Taped down', 'Taped to the']"
Test ,quiz,"['Ample', 'Abundance', 'Availability', 'Ease of access', 'Convenience', 'Accessibility', 'Dependability', 'Dependability', 'Dependably', 'Dependably', 'Dependably', 'Dependably', 'Dependable', 'Dependability', 'Dependable', 'Dependable', 'Dependability', 'Dependability', 'Dependably', 'Dependably']"
