CLUE,ANS,POS,FOUND IN
Facet ,aspect,2,Aspectual
Energy units ,calories,4,Calories (as a unit of energy)
Paperback ,book,1,Booklet
Manage somehow,make do,1,Make do with
Tension ,stress,1,Stressed
Sale of assets ,disposal,12,Asset disposal
