CLUE,ANS,POS,FOUND IN
Of abode of the blessed dead in Greek mythology ,elysian,1,"These meadows are described as a place where the souls of those who lived a virtuous life, but were not brave or heroic enough to reach the Elysian Fields, reside"
Italian sparkling wine ,asti,3,"Asti - A sweet and fruity sparkling wine from the Piedmont region, often referred to as ""the champagne of Italy."""
"-- - -- Ma, American cellist of Chinese/French origins",yo-yo,1,Yo-Yo Ma
Easy gallop ,canter,4,Carefree canter
Type of piano ,upright,2,Upright piano
Pulverise ,mash,3,Smash
